TEMPO: 80
VENDAS: 654.88
TOTAL_CAIXAS: 6
Caixa1: 1, 25, 140
4
P23469: 1, 62.000000
P46898: 7, 71.000000
P237564: 1, 72.000000
P409053: 3, 76.000000
Caixa2: 0, 1, 1
0
Caixa3: 0, 0, 0
0
Caixa4: 0, 0, 0
0
Caixa5: 0, 0, 0
0
Caixa6: 0, 0, 0
0
