TEMPO: 100
VENDAS: 2434.26
TOTAL_CAIXAS: 6
Caixa1: 1, 32, 187
4
P98247: 9, 88.000000
P257472: 7, 91.000000
P272757: 5, 94.000000
P149889: 3, 97.000000
Caixa2: 1, 29, 186
6
P44503: 4, 87.000000
P252861: 6, 90.000000
P664175: 7, 93.000000
P83209: 10, 96.000000
P436400: 6, 99.000000
P2625: 5, 0.000000
Caixa3: 1, 22, 129
3
P96736: 6, 89.000000
P644702: 8, 92.000000
P607185: 9, 95.000000
Caixa4: 0, 0, 0
0
Caixa5: 0, 0, 0
0
Caixa6: 0, 0, 0
0
